2
18
20
21
32
44
45
55
66
75
88
102
103
116
119
127
136
142
145
150
157
170
173
181
188
206
223
239
243
246
249
254
280
281
298
344
348
348
360
367
378
393
397
399
415
420
422
429
432
436
443
480
484
520
523
539
540
554
565
568
571
578
585
592
600
602
615
621
626
630
633
636
644
647
653
654
668
674
676
677
698
699
709
713
721
723
724
737
737
746
750
758
763
773
776
781
784
797
811
818
829
829
835
843
851
868
874
876
877
880
881
898
901
904
907
941
946
962
965
975
985
990
1004
1006
1020
1023
1028
1041
1046
1063
1066
1073
1079
1085
1086
1090
1094
1104
1106
1112
1119
1131
1133
1134
1139
1154
1164
1165
1169
1172
1177
1179
1181
1192
1207
1222
1224
1231
1264
1282
1292
1311
1319
1326
1331
1334
1335
1341
1363
1373
1387
1390
1391
1400
1407
1414
1424
1427
1432
1440
1441
1453
1459
1459
1460
1469
1489
1503
1503
1516
1523
1541
1560
1573
1582
1591
1601
1654
1673
1674
1678
1711
1723
1725
1747
1780
1782
1783
1788
1799
1805
1808
1813
1814
1828
1840
1852
1865
1866
1873
1875
1884
1886
1897
1899
1909
1919
1919
1921
1929
1934
1951
1959
1971
1987
1998
1998
2011
2012
2013
2015
2048
2049
2053
2066
2071
2094
2104
2109
2115
2126
2128
2133
2143
2164
2170
2172
2173
2173
2174
2180
2197
2198
2212
2215
2216
2216
2221
2222
2242
2251
2257
2274
2287
2287
2298
2311
2319
2319
2320
2323
2328
2339
2344
2350
2351
2361
2376
2394
2402
2416
2425
2425
2437
2442
2451
2451
2451
2455
2461
2478
2484
2487
2489
2498
2498
2505
2511
2519
2519
2520
2523
2525
2543
2551
2551
2552
2553
2560
2561
2566
2594
2602
2631
2651
2668
2676
2686
2687
2692
2700
2707
2735
2739
2747
2766
2780
2783
2784
2796
2798
2804
2814
2859
2865
2865
2875
2878
2879
2885
2889
2892
2893
2898
2902
2939
2958
2972
2972
2983
2988
2991
2995
3007
3012
3015
3026
3035
3038
3040
3043
3044
3076
3084
3087
3091
3091
3092
3098
3105
3114
3116
3117
3118
3122
3122
3123
3126
3165
3170
3183
3192
3200
3209
3217
3223
3245
3254
3256
3258
3260
3261
3289
3294
3295
3305
3310
3312
3327
3344
3346
3361
3364
3370
3384
3394
3398
3400
3410
3413
3418
3425
3430
3435
3439
3448
3450
3457
3488
3502
3504
3510
3516
3521
3537
3545
3546
3562
3565
3567
3571
3595
3620
3620
3622
3624
3641
3660
3674
3681
3688
3698
3711
3713
3725
3728
3729
3734
3744
3751
3758
3758
3768
3788
3792
3799
3806
3818
3834
3848
3855
3864
3864
3871
3876
3882
3886
3889
3892
3900
3900
3900
3901
3905
3917
3917
3917
3921
3939
3941
3941
3959
3961
3982
3999
4014
4024
4028
4058
4059
4102
4110
4111
4119
4121
4129
4144
4148
4151
4163
4168
4170
4180
4184
4184
4189
4204
4215
4218
4218
4219
4221
4237
4260
4262
4264
4272
4274
4276
4287
4296
4310
4311
4313
4323
4330
4340
4377
4386
4396
4397
4420
4432
4443
4444
4448
4457
4459
4462
4470
4472
4474
4480
4488
4492
4494
4511
4513
4517
4529
4534
4545
4557
4566
4580
4583
4590
4599
4600
4610
4613
4618
4623
4634
4653
4659
4661
4667
4668
4670
4670
4679
4681
4683
4684
4698
4706
4718
4736
4736
4769
4775
4778
4804
4810
4812
4815
4815
4818
4820
4824
4824
4838
4879
4880
4923
4928
4950
4955
4967
4969
4970
4981
4987
4988
4989
4996
5007
5029
5033
5033
5039
5053
5056
5064
5066
5069
5109
5115
5118
5122
5125
5131
5132
5135
5138
5155
5159
5169
5176
5186
5194
5208
5223
5224
5245
5251
5253
5263
5267
5275
5306
5309
5314
5319
5327
5332
5346
5347
5350
5359
5368
5374
5397
5402
5410
5412
5428
5433
5443
5462
5467
5480
5503
5505
5517
5532
5534
5545
5558
5560
5578
5620
5628
5629
5644
5656
5656
5660
5665
5671
5674
5678
5710
5719
5724
5731
5743
5743
5745
5763
5766
5769
5773
5773
5789
5819
5821
5833
5847
5852
5872
5884
5887
5903
5904
5906
5921
5941
5946
5948
5985
5989
5989
5994
5996
6000
6009
6012
6014
6021
6037
6039
6053
6054
6055
6059
6066
6083
6105
6107
6112
6119
6129
6129
6138
6141
6148
6192
6196
6208
6217
6219
6227
6234
6248
6250
6293
6302
6306
6309
6317
6332
6340
6340
6355
6355
6356
6372
6377
6377
6382
6388
6396
6397
6421
6437
6447
6462
6463
6468
6471
6481
6496
6496
6534
6538
6546
6555
6587
6598
6622
6627
6630
6637
6637
6645
6658
6702
6706
6707
6714
6726
6750
6754
6764
6768
6778
6781
6781
6790
6793
6795
6799
6800
6822
6833
6843
6855
6857
6864
6866
6869
6872
6883
6893
6900
6911
6914
6927
6933
6940
6950
6971
6973
7001
7035
7047
7058
7059
7064
7073
7076
7083
7085
7096
7111
7118
7132
7137
7147
7156
7160
7168
7169
7172
7187
7188
7194
7196
7199
7221
7227
7239
7244
7251
7256
7264
7266
7269
7289
7294
7300
7303
7312
7314
7334
7344
7348
7357
7368
7376
7391
7411
7413
7416
7446
7457
7461
7462
7464
7471
7472
7478
7490
7499
7511
7521
7533
7539
7543
7548
7550
7554
7558
7564
7576
7580
7582
7585
7595
7599
7602
7606
7622
7628
7636
7645
7655
7661
7674
7678
7691
7705
7711
7717
7730
7731
7738
7766
7768
7768
7772
7784
7788
7802
7804
7805
7838
7839
7850
7867
7882
7898
7914
7915
7916
7920
7932
7933
7950
7951
7972
7973
7974
7989
7990
7992
7998
8001
8023
8037
8044
8067
8097
8123
8129
8145
8181
8181
8181
8204
8211
8212
8226
8227
8244
8254
8273
8289
8299
8301
8302
8309
8311
8319
8325
8330
8331
8331
8331
8333
8348
8351
8362
8366
8371
8386
8387
8398
8403
8404
8412
8449
8463
8466
8471
8478
8485
8489
8501
8502
8503
8513
8517
8520
8523
8530
8537
8553
8564
8569
8579
8581
8584
8589
8593
8602
8617
8621
8634
8641
8644
8650
8668
8677
8679
8693
8701
8701
8702
8703
8706
8708
8721
8727
8731
8738
8750
8751
8753
8754
8760
8772
8784
8804
8810
8813
8820
8837
8846
8847
8853
8857
8865
8872
8873
8891
8896
8906
8911
8916
8919
8921
8937
8943
8953
8996
9001
9001
9016
9025
9040
9042
9065
9070
9072
9086
9094
9103
9112
9112
9130
9134
9135
9156
9157
9174
9175
9181
9186
9188
9188
9197
9201
9204
9218
9219
9223
9225
9226
9234
9234
9260
9269
9274
9280
9282
9316
9317
9335
9347
9354
9361
9375
9381
9411
9413
9421
9422
9438
9460
9460
9469
9472
9473
9473
9481
9482
9483
9488
9489
9500
9502
9505
9505
9505
9529
9542
9542
9543
9544
9557
9558
9564
9569
9587
9588
9603
9618
9625
9631
9664
9668
9672
9672
9681
9702
9730
9740
9741
9758
9759
9762
9764
9769
9774
9776
9781
9788
9805
9808
9813
9814
9829
9839
9841
9844
9847
9855
9856
9857
9866
9885
9900
9911
9935
9936
9946
9952
9955
9961
9970
9970
9974
9983
9991
9991
9995
9996
10004
10019
10020
10021
10046
10059
10060
10060
10061
10070
10072
10075
10077
10077
10084
10084
10087
10088
10104
10111
10111
10115
10129
10133
10134
10140
10140
10142
10158
10161
10163
10164
10172
10178
10183
10191
10193
10211
10215
10216
10237
10249
10262
10279
10284
10285
10292
10293
10298
10308
10310
10311
10321
10336
10340
10341
10342
10360
10371
10384
10386
10390
10390
10394
10414
10420
10424
10425
10443
10449
10467
10481
10482
10492
10494
10501
10519
10520
10528
10529
10530
10538
10548
10567
10576
10582
10584
10596
10600
10601
10612
10625
10631
10643
10652
10670
10671
10673
10674
10684
10692
10695
10699
10731
10742
10751
10758
10774
10778
10783
10793
10795
10798
10801
10802
10805
10811
10818
10818
10820
10836
10836
10843
10854
10864
10874
10884
10889
10889
10891
10891
10903
10910
10914
10918
10919
10942
10950
10965
10967
11004
11007
11008
11023
11033
11039
11053
11060
11077
11092
11093
11097
11113
11114
11151
11168
11174
11177
11180
11182
11184
11195
11221
11221
11239
11244
11281
11299
11317
11328
11360
11373
11375
11383
11412
11415
11418
11429
11436
11446
11450
11453
11457
11461
11485
11498
11510
11514
11514
11520
11538
11569
11572
11595
11596
11597
11602
11607
11608
11615
11618
11641
11642
11642
11646
11653
11656
11662
11676
11709
11726
11730
11731
11738
11745
11751
11785
11801
11816
11826
11827
11830
11863
11887
11887
11887
11896
11900
11907
11909
11910
11911
11919
11939
11944
11947
11949
11950
11952
11953
11954
11964
11972
11975
11981
11984
11985
11987
11988
11990
11990
11994
11994
12033
12038
12039
12055
12060
12062
12073
12083
12088
12100
12103
12108
12108
12109
12117
12122
12134
12144
12159
12166
12172
12172
12182
12185
12186
12188
12193
12228
12230
12235
12243
12247
12267
12282
12284
12298
12299
12336
12353
12369
12386
12399
12400
12431
12434
12447
12450
12451
12454
12456
12459
12463
12498
12503
12510
12516
12520
12526
12561
12566
12567
12575
12584
12593
12601
12601
12606
12608
12608
12615
12632
12650
12652
12663
12674
12683
12703
12707
12711
12733
12733
12743
12795
12803
12820
12825
12832
12840
12840
12846
12873
12874
12884
12888
12897
12902
12910
12911
12913
12913
12914
12922
12922
12928
12928
12934
12937
12946
12960
12965
12987
12989
13004
13005
13012
13015
13025
13030
13045
13051
13068
13070
13071
13080
13105
13105
13108
13121
13122
13125
13136
13137
13139
13142
13147
13150
13174
13175
13176
13185
13187
13191
13191
13202
13209
13222
13223
13228
13233
13240
13244
13251
13262
13271
13274
13275
13276
13283
13284
13285
13287
13288
13301
13320
13324
13340
13342
13346
13352
13355
13384
13386
13417
13422
13426
13433
13434
13449
13457
13457
13458
13460
13483
13484
13490
13499
13505
13506
13508
13516
13538
13546
13570
13579
13585
13590
13594
13596
13598
13614
13614
13616
13641
13647
13662
13668
13672
13676
13689
13690
13696
13697
13698
13704
13706
13708
13725
13735
13737
13746
13748
13753
13755
13774
13781
13795
13826
13836
13844
13848
13849
13864
13867
13875
13894
13924
13934
13935
13971
13972
13985
13993
13997
14011
14036
14038
14043
14046
14051
14054
14059
14074
14080
14089
14108
14138
14140
14148
14163
14165
14186
14190
14197
14199
14209
14212
14215
14218
14223
14236
14273
14282
14307
14328
14329
14334
14336
14336
14353
14354
14373
14377
14377
14378
14386
14390
14451
14460
14460
14462
14467
14472
14489
14491
14496
14502
14504
14508
14509
14533
14556
14561
14561
14566
14568
14575
14610
14612
14612
14613
14618
14626
14627
14630
14632
14639
14664
14669
14670
14673
14679
14680
14680
14697
14698
14704
14705
14718
14724
14760
14777
14779
14780
14783
14784
14796
14815
14822
14825
14852
14857
14873
14879
14887
14895
14897
14898
14901
14910
14936
14943
14946
14959
14964
14995
15014
15026
15028
15053
15068
15070
15074
15078
15091
15093
15100
15108
15140
15146
15148
15148
15154
15156
15156
15171
15181
15189
15190
15209
15211
15211
15216
15219
15220
15221
15236
15239
15250
15254
15271
15290
15295
15337
15349
15349
15351
15365
15366
15395
15396
15404
15404
15406
15408
15408
15449
15473
15477
15477
15504
15505
15509
15516
15524
15527
15537
15537
15542
15546
15551
15551
15553
15555
15558
15559
15560
15565
15572
15574
15581
15596
15597
15601
15616
15616
15622
15623
15624
15626
15629
15636
15640
15648
15657
15663
15665
15666
15684
15685
15687
15691
15702
15709
15716
15717
15721
15721
15723
15724
15728
15729
15744
15746
15747
15752
15775
15776
15781
15786
15791
15824
15825
15832
15832
15836
15840
15842
15844
15848
15852
15869
15874
15875
15877
15880
15885
15887
15905
15929
15934
15935
15949
15973
15974
15986
15994
16000
16006
16007
16012
16013
16014
16019
16024
16029
16034
16040
16054
16055
16072
16079
16090
16103
16105
16106
16124
16141
16163
16184
16188
16197
16197
16202
16213
16218
16222
16227
16242
16253
16275
16290
16293
16303
16315
16319
16322
16327
16332
16332
16359
16370
16370
16384
16386
16389
16398
16415
16426
16439
16439
16440
16456
16457
16463
16484
16485
16492
16493
16511
16520
16527
16548
16549
16550
16571
16574
16605
16612
16616
16616
16619
16636
16637
16642
16644
16645
16650
16657
16660
16665
16671
16678
16699
16709
16710
16713
16734
16740
16742
16744
16753
16755
16788
16790
16795
16816
16819
16819
16836
16838
16844
16846
16847
16868
16869
16870
16877
16884
16894
16910
16914
16919
16920
16922
16929
16938
16943
16949
16969
16978
16979
16986
16987
16994
17011
17014
17033
17045
17054
17061
17094
17108
17109
17116
17139
17152
17160
17173
17176
17180
17184
17185
17188
17198
17210
17227
17228
17241
17243
17244
17249
17252
17265
17265
17265
17267
17267
17270
17277
17280
17281
17292
17296
17297
17299
17305
17314
17318
17332
17340
17349
17352
17357
17358
17376
17380
17382
17387
17387
17396
17410
17433
17440
17451
17483
17486
17494
17502
17513
17515
17518
17537
17547
17560
17561
17563
17570
17573
17585
17590
17603
17603
17604
17615
17631
17642
17649
17649
17650
17656
17671
17690
17703
17712
17727
17731
17744
17766
17768
17776
17780
17791
17793
17799
17802
17817
17819
17837
17839
17845
17853
17858
17867
17885
17887
17892
17901
17913
17913
17914
17928
17931
17933
17938
17939
17941
17946
17968
17981
18011
18013
18055
18059
18065
18067
18077
18080
18082
18086
18089
18094
18123
18129
18147
18147
18147
18153
18159
18162
18183
18183
18208
18210
18212
18222
18224
18232
18237
18250
18272
18275
18275
18276
18276
18287
18288
18289
18293
18298
18299
18299
18299
18301
18306
18312
18326
18327
18330
18330
18341
18349
18362
18382
18383
18389
18411
18414
18417
18445
18463
18478
18490
18499
18501
18513
18515
18522
18551
18560
18594
18595
18607
18633
18640
18654
18660
18663
18663
18674
18675
18677
18696
18713
18716
18726
18733
18737
18743
18753
18764
18765
18779
18814
18824
18828
18835
18835
18838
18842
18849
18857
18858
18866
18871
18872
18878
18893
18896
18897
18916
18919
18926
18926
18928
18928
18932
18934
18941
18952
18956
18973
18989
18992
18994
18999
19012
19019
19021
19024
19029
19034
19038
19041
19053
19062
19064
19075
19082
19090
19093
19095
19095
19098
19108
19121
19138
19141
19147
19176
19179
19180
19180
19198
19203
19229
19246
19252
19256
19256
19266
19275
19286
19286
19287
19293
19293
19302
19305
19309
19338
19339
19343
19346
19346
19350
19352
19356
19358
19358
19361
19361
19366
19392
19393
19400
19402
19409
19411
19414
19415
19425
19430
19442
19442
19481
19488
19499
19510
19522
19526
19529
19544
19558
19566
19574
19577
19583
19600
19616
19625
19637
19645
19657
19660
19665
19667
19669
19670
19713
19719
19721
19738
19754
19759
19761
19794
19797
19804
19818
19825
19830
19836
19850
19871
19880
19892
19895
19902
19907
19923
19926
19945
19945
19949
19953
19961
19969
19984
19993
20022
20041
20051
20061
20074
20079
20084
20091
20108
20117
20128
20133
20153
20165
20172
20174
20176
20177
20180
20180
20191
20195
20211
20214
20217
20224
20227
20234
20235
20239
20246
20247
20249
20273
20284
20289
20291
20293
20300
20303
20315
20328
20333
20333
20342
20342
20343
20345
20365
20370
20395
20409
20409
20419
20421
20423
20431
20446
20465
20469
20473
20481
20486
20497
20508
20511
20527
20535
20562
20563
20567
20568
20592
20600
20602
20604
20609
20614
20616
20624
20631
20640
20659
20662
20662
20672
20675
20706
20710
20714
20724
20726
20731
20734
20760
20768
20787
20792
20826
20829
20848
20851
20864
20875
20883
20888
20906
20912
20914
20916
20916
20918
20920
20921
20922
20932
20945
20952
20954
20956
20984
21018
21038
21041
21048
21054
21061
21067
21068
21076
21084
21090
21093
21095
21102
21108
21110
21113
21133
21135
21141
21143
21150
21170
21183
21185
21195
21203
21220
21239
21240
21245
21250
21270
21283
21284
21289
21295
21297
21308
21311
21319
21322
21328
21331
21337
21348
21357
21359
21369
21390
21398
21404
21423
21426
21433
21435
21445
21447
21451
21457
21477
21482
21488
21491
21494
21506
21508
21528
21528
21531
21536
21552
21553
21555
21566
21577
21611
21612
21613
21616
21621
21627
21634
21649
21658
21672
21679
21697
21712
21722
21735
21737
21740
21742
21745
21752
21757
21759
21766
21770
21793
21794
21800
21806
21813
21815
21818
21821
21834
21852
21858
21867
21876
21882
21889
21890
21893
21900
21916
21929
21935
21941
21974
21990
21996
21997
22001
22004
22014
22016
22017
22023
22025
22037
22043
22045
22051
22060
22068
22080
22090
22103
22104
22108
22131
22133
22140
22148
22160
22162
22171
22173
22187
22193
22199
22205
22209
22224
22227
22253
22275
22281
22283
22285
22302
22304
22306
22308
22309
22314
22323
22326
22337
22339
22340
22356
22358
22361
22366
22367
22383
22394
22401
22429
22456
22460
22472
22498
22512
22524
22530
22530
22546
22547
22551
22557
22557
22559
22572
22573
22599
22599
22620
22627
22627
22634
22638
22659
22671
22685
22685
22695
22707
22714
22722
22739
22742
22770
22771
22773
22776
22778
22785
22795
22798
22817
22833
22843
22872
22875
22877
22880
22882
22889
22893
22897
22897
22899
22905
22913
22915
22922
22928
22932
22938
22949
22968
22983
22991
23017
23027
23031
23037
23040
23047
23050
23052
23061
23065
23072
23074
23080
23101
23105
23118
23121
23123
23133
23136
23141
23145
23168
23186
23193
23205
23211
23214
23225
23225
23230
23241
23256
23269
23271
23278
23281
23288
23289
23295
23299
23312
23319
23342
23344
23346
23360
23363
23364
23368
23369
23371
23375
23394
23410
23413
23423
23424
23441
23443
23458
23464
23470
23477
23487
23490
23491
23528
23549
23549
23553
23560
23580
23594
23596
23619
23626
23626
23628
23629
23630
23636
23637
23639
23644
23653
23669
23671
23684
23686
23695
23696
23702
23713
23730
23732
23739
23745
23764
23771
23774
23775
23776
23786
23790
23791
23797
23821
23831
23835
23836
23840
23841
23850
23851
23856
23863
23868
23869
23876
23886
23890
23898
23904
23918
23926
23929
23932
23935
23937
23941
23943
23947
23949
23961
23969
23985
23991
23996
23998
24001
24004
24005
24012
24016
24020
24025
24031
24033
24034
24035
24048
24060
24076
24079
24079
24083
24092
24093
24110
24118
24133
24136
24144
24148
24148
24164
24165
24178
24204
24204
24205
24215
24227
24231
24241
24251
24251
24256
24258
24263
24269
24276
24282
24285
24290
24305
24312
24313
24321
24340
24359
24366
24366
24376
24385
24396
24421
24425
24428
24432
24436
24449
24461
24465
24473
24482
24489
24524
24527
24533
24539
24562
24570
24573
24580
24582
24591
24592
24598
24598
24603
24615
24630
24644
24644
24653
24680
24681
24696
24699
24705
24714
24717
24753
24804
24807
24812
24820
24825
24834
24839
24840
24841
24850
24858
24861
24884
24898
24903
24906
24918
24920
24925
24932
24937
24939
24946
24947
24948
24949
24954
24957
24965
24967
24973
24984
24984
24999
25000
25005
25019
25020
25024
25036
25042
25043
25048
25057
25066
25071
25083
25087
25090
25116
25143
25164
25167
25190
25190
25198
25204
25204
25260
25268
25277
25282
25289
25300
25323
25325
25336
25350
25359
25359
25418
25429
25447
25451
25459
25459
25463
25501
25505
25515
25529
25537
25542
25559
25561
25564
25574
25578
25586
25612
25622
25627
25628
25633
25635
25646
25647
25652
25658
25662
25665
25667
25674
25675
25678
25680
25689
25693
25717
25717
25751
25754
25760
25761
25763
25763
25770
25773
25777
25804
25815
25832
25855
25857
25858
25861
25864
25867
25868
25882
25882
25884
25895
25902
25918
25919
25920
25923
25926
25942
25942
25945
25970
25976
25984
26040
26042
26044
26055
26057
26058
26064
26065
26069
26076
26092
26098
26102
26105
26109
26122
26130
26146
26163
26177
26184
26197
26202
26207
26210
26222
26234
26242
26257
26262
26264
26274
26281
26286
26288
26299
26301
26340
26341
26343
26345
26372
26372
26376
26377
26384
26387
26427
26437
26443
26448
26458
26461
26461
26462
26462
26463
26464
26481
26495
26496
26514
26515
26535
26544
26561
26573
26595
26604
26632
26636
26660
26661
26663
26668
26672
26678
26682
26699
26700
26720
26724
26738
26743
26745
26775
26789
26790
26794
26796
26799
26802
26813
26814
26820
26834
26835
26836
26841
26848
26851
26883
26893
26934
26944
26952
26963
26963
26964
26966
26967
27008
27013
27014
27014
27034
27047
27051
27065
27066
27067
27081
27089
27102
27109
27111
27111
27127
27136
27139
27149
27151
27154
27160
27164
27167
27171
27179
27185
27187
27202
27205
27205
27210
27220
27222
27230
27231
27244
27276
27308
27326
27326
27339
27367
27372
27377
27396
27400
27401
27401
27404
27421
27425
27455
27455
27468
27485
27497
27501
27508
27544
27551
27557
27576
27588
27595
27607
27623
27624
27632
27649
27649
27651
27658
27664
27666
27682
27683
27696
27714
27720
27724
27729
27733
27748
27751
27752
27754
27764
27770
27771
27788
27791
27799
27803
27804
27810
27818
27820
27820
27833
27837
27838
27839
27843
27872
27889
27903
27910
27916
27916
27922
27929
27937
27945
27950
27958
27959
27960
27977
27982
27992
27994
28000
28001
28004
28018
28021
28026
28043
28062
28068
28069
28070
28073
28077
28095
28104
28115
28117
28119
28126
28128
28134
28134
28148
28151
28161
28181
28190
28197
28200
28204
28206
28216
28227
28229
28242
28258
28281
28287
28294
28299
28306
28308
28318
28331
28333
28340
28341
28362
28391
28418
28419
28425
28431
28436
28441
28444
28449
28453
28457
28457
28474
28489
28502
28509
28533
28553
28554
28574
28575
28582
28584
28592
28600
28616
28618
28625
28631
28640
28641
28652
28672
28683
28700
28711
28712
28716
28726
28728
28736
28752
28762
28763
28768
28781
28781
28782
28789
28795
28798
28801
28804
28814
28834
28847
28848
28854
28855
28862
28871
28872
28873
28873
28875
28887
28888
28888
28909
28910
28925
28929
28932
28935
28938
28940
28947
28948
28955
28959
28959
28961
28971
28979
28994
29012
29013
29041
29059
29080
29088
29090
29105
29117
29118
29127
29155
29180
29181
29183
29183
29194
29196
29202
29214
29219
29223
29227
29232
29239
29252
29253
29257
29262
29263
29286
29288
29326
29344
29354
29356
29362
29369
29382
29425
29430
29435
29447
29451
29454
29470
29471
29476
29496
29509
29514
29519
29529
29535
29542
29564
29567
29572
29608
29632
29643
29644
29647
29653
29656
29660
29665
29687
29703
29703
29705
29712
29712
29717
29718
29727
29734
29738
29741
29742
29752
29756
29774
29779
29803
29842
29843
29853
29855
29860
29861
29869
29869
29875
29881
29891
29910
29918
29918
29928
29938
29942
29952
29957
29967
29967
29976
29988
30002
30003
30003
30025
30037
30042
30057
30062
30064
30072
30073
30077
30100
30105
30119
30121
30122
30141
30143
30148
30149
30151
30155
30160
30163
30165
30172
30174
30182
30185
30189
30198
30199
30205
30207
30208
30209
30210
30226
30226
30232
30243
30246
30249
30256
30259
30295
30306
30312
30320
30326
30348
30350
30351
30357
30375
30384
30390
30394
30397
30410
30418
30421
30430
30431
30451
30468
30474
30477
30491
30506
30509
30518
30529
30537
30551
30553
30559
30584
30598
30598
30598
30605
30613
30642
30645
30651
30660
30667
30673
30679
30681
30691
30699
30701
30723
30726
30743
30744
30757
30767
30783
30786
30802
30824
30828
30842
30844
30852
30856
30857
30867
30890
30912
30912
30915
30927
30940
30941
30950
30954
30974
30976
30979
30984
30986
30992
30997
31004
31009
31019
31032
31037
31054
31054
31060
31062
31072
31075
31078
31085
31093
31108
31124
31130
31142
31147
31149
31162
31166
31168
31171
31189
31192
31194
31197
31207
31209
31216
31235
31244
31246
31250
31257
31263
31288
31311
31320
31331
31336
31336
31341
31348
31357
31375
31375
31378
31399
31419
31419
31422
31426
31428
31441
31462
31479
31480
31498
31526
31528
31531
31545
31563
31564
31584
31593
31607
31610
31615
31622
31655
31659
31663
31668
31674
31677
31679
31680
31681
31688
31699
31707
31715
31717
31717
31727
31733
31743
31755
31771
31791
31800
31814
31817
31818
31818
31829
31832
31834
31843
31849
31854
31864
31881
31894
31901
31905
31915
31916
31916
31917
31922
31926
31931
31947
31949
31950
31951
31957
31964
32019
32020
32036
32036
32045
32055
32067
32070
32071
32093
32096
32102
32109
32118
32123
32129
32136
32143
32155
32160
32165
32177
32181
32191
32194
32204
32219
32222
32238
32257
32268
32292
32295
32297
32298
32307
32307
32311
32322
32323
32325
32328
32346
32346
32359
32383
32394
32401
32415
32424
32435
32436
32444
32453
32457
32457
32468
32469
32472
32475
32493
32499
32512
32515
32523
32525
32528
32530
32530
32537
32556
32564
32566
32570
32578
32580
32610
32620
32621
32633
32640
32653
32655
32675
32677
32679
32682
32686
32695
32699
32703
32705
32716
32735
32742
32744
32745
32752
32756
32768
32785
32786
32792
32805
32810
32815
32817
32817
32836
32837
32838
32840
32841
32850
32852
32855
32867
32867
32873
32877
32883
32887
32903
32907
32909
32912
32920
32936
32963
32964
32965
32966
32992
33005
33006
33007
33012
33017
33026
33040
33062
33064
33068
33070
33070
33088
33090
33137
33143
33182
33196
33208
33208
33216
33224
33226
33227
33230
33231
33245
33258
33261
33264
33265
33268
33269
33279
33292
33296
33315
33317
33319
33330
33333
33339
33353
33358
33372
33373
33377
33386
33405
33411
33413
33426
33436
33445
33463
33468
33472
33477
33478
33480
33493
33505
33511
33517
33520
33529
33545
33557
33558
33575
33577
33579
33581
33585
33630
33632
33649
33650
33665
33670
33681
33682
33698
33733
33748
33771
33778
33781
33782
33782
33785
33802
33816
33817
33834
33835
33851
33867
33869
33870
33872
33877
33877
33882
33882
33883
33896
33900
33907
33913
33916
33927
33936
33946
33947
33955
33965
33986
33997
34005
34024
34024
34026
34032
34032
34041
34057
34063
34071
34094
34096
34100
34104
34109
34128
34135
34135
34137
34137
34145
34147
34157
34175
34177
34177
34178
34183
34186
34187
34191
34203
34214
34224
34224
34231
34235
34246
34259
34264
34278
34298
34316
34318
34320
34321
34329
34331
34338
34343
34345
34347
34347
34363
34375
34376
34382
34384
34394
34399
34404
34419
34421
34427
34432
34441
34442
34448
34448
34461
34463
34465
34466
34481
34496
34497
34497
34510
34510
34523
34525
34530
34534
34534
34545
34546
34562
34566
34581
34591
34594
34601
34608
34626
34626
34635
34637
34638
34643
34655
34680
34690
34701
34704
34726
34733
34748
34752
34752
34761
34767
34773
34777
34781
34782
34789
34801
34817
34821
34824
34829
34831
34832
34833
34839
34846
34853
34853
34854
34865
34899
34907
34909
34915
34925
34947
34952
34964
34974
34990
34995
35001
35009
35017
35022
35026
35031
35037
35037
35039
35044
35049
35066
35066
35067
35070
35077
35081
35088
35107
35112
35127
35127
35132
35133
35144
35147
35156
35156
35158
35165
35176
35184
35184
35189
35192
35194
35200
35203
35215
35217
35221
35223
35234
35242
35245
35248
35249
35267
35289
35296
35299
35304
35309
35322
35332
35333
35346
35347
35351
35357
35364
35381
35384
35388
35396
35404
35431
35438
35439
35441
35447
35449
35451
35458
35462
35469
35473
35514
35520
35523
35524
35527
35537
35541
35547
35560
35566
35574
35586
35604
35606
35608
35613
35618
35626
35628
35631
35633
35633
35639
35641
35651
35674
35686
35688
35689
35698
35711
35718
35718
35723
35723
35724
35731
35735
35739
35740
35748
35750
35759
35763
35764
35777
35784
35788
35794
35797
35807
35818
35840
35844
35846
35857
35875
35876
35878
35879
35889
35894
35904
35927
35929
35933
35935
35940
35945
35951
35956
35965
35991
35991
35991
35992
36000
36009
36011
36016
36021
36030
36042
36043
36045
36047
36054
36064
36071
36072
36078
36104
36105
36106
36118
36122
36131
36133
36136
36138
36147
36148
36170
36175
36180
36202
36206
36207
36222
36239
36247
36258
36260
36264
36264
36266
36286
36292
36300
36302
36315
36374
36379
36380
36387
36389
36408
36412
36415
36416
36418
36418
36425
36427
36427
36427
36428
36441
36445
36470
36471
36474
36485
36499
36507
36516
36517
36522
36528
36552
36552
36554
36564
36569
36576
36577
36589
36592
36606
36617
36620
36622
36641
36688
36689
36695
36703
36703
36710
36719
36720
36734
36734
36736
36745
36753
36761
36763
36771
36773
36776
36779
36784
36785
36786
36788
36815
36817
36818
36831
36831
36836
36841
36854
36864
36866
36875
36897
36904
36907
36917
36918
36927
36935
36948
36953
36961
36965
36980
36982
36985
36986
36997
37002
37042
37045
37053
37062
37068
37076
37077
37083
37084
37088
37091
37097
37104
37110
37123
37124
37141
37147
37154
37159
37163
37164
37171
37173
37176
37183
37193
37203
37212
37214
37226
37234
37245
37276
37283
37287
37294
37298
37345
37350
37358
37364
37397
37421
37427
37439
37443
37457
37479
37484
37493
37496
37514
37518
37523
37538
37538
37543
37549
37553
37565
37567
37577
37580
37593
37595
37603
37603
37624
37625
37635
37652
37653
37677
37686
37689
37691
37692
37698
37715
37717
37719
37751
37763
37771
37797
37808
37815
37817
37825
37830
37831
37857
37861
37863
37866
37875
37876
37878
37893
37896
37900
37910
37913
37915
37931
37933
37934
37936
37939
37957
37981
37986
37986
37992
38008
38028
38032
38037
38042
38053
38055
38056
38058
38062
38063
38068
38068
38070
38104
38126
38138
38143
38143
38147
38152
38156
38159
38183
38185
38187
38191
38200
38210
38221
38221
38226
38227
38234
38246
38247
38254
38265
38275
38280
38302
38320
38326
38326
38332
38334
38344
38346
38351
38357
38361
38363
38370
38381
38406
38412
38416
38434
38441
38447
38452
38453
38457
38460
38481
38484
38486
38498
38500
38510
38522
38529
38530
38530
38531
38536
38537
38542
38557
38568
38570
38574
38574
38578
38602
38611
38613
38614
38617
38619
38626
38628
38631
38642
38652
38675
38683
38701
38703
38728
38734
38739
38746
38747
38761
38769
38778
38783
38812
38819
38835
38844
38845
38847
38853
38875
38889
38893
38918
38934
38936
38937
38941
38955
38956
38956
38960
38974
39000
39007
39013
39026
39032
39038
39047
39056
39071
39071
39073
39073
39079
39088
39096
39098
39102
39122
39139
39142
39145
39146
39153
39160
39161
39162
39163
39181
39184
39186
39193
39198
39218
39229
39231
39234
39246
39267
39277
39288
39295
39306
39308
39312
39324
39345
39358
39359
39359
39369
39376
39383
39394
39399
39416
39417
39435
39441
39445
39446
39459
39462
39463
39467
39473
39493
39530
39532
39532
39561
39570
39573
39578
39578
39585
39596
39624
39625
39633
39638
39645
39646
39647
39655
39656
39657
39692
39699
39700
39702
39706
39708
39718
39719
39746
39752
39753
39754
39754
39758
39759
39783
39797
39801
39807
39809
39817
39820
39831
39845
39857
39857
39861
39869
39875
39878
39882
39892
39901
39909
39922
39922
39924
39936
39936
39946
39949
39953
39981
39989
40000
40019
40020
40023
40024
40044
40049
40051
40054
40059
40072
40076
40087
40099
40107
40115
40118
40122
40142
40150
40152
40155
40157
40160
40162
40164
40164
40165
40177
40179
40192
40204
40205
40207
40214
40220
40231
40269
40275
40276
40286
40292
40333
40343
40351
40359
40373
40395
40397
40403
40405
40422
40432
40451
40452
40458
40474
40500
40503
40509
40510
40520
40521
40521
40540
40547
40554
40569
40587
40597
40600
40601
40603
40610
40612
40613
40615
40624
40628
40635
40649
40652
40653
40653
40661
40667
40678
40690
40693
40696
40699
40708
40721
40727
40746
40750
40776
40785
40787
40793
40796
40797
40799
40811
40812
40823
40847
40861
40865
40887
40895
40896
40899
40900
40907
40932
40948
40956
40957
40998
41007
41012
41025
41025
41029
41046
41057
41061
41088
41090
41105
41107
41108
41109
41147
41150
41157
41163
41166
41179
41183
41186
41194
41212
41220
41221
41223
41224
41234
41242
41270
41282
41285
41290
41300
41331
41347
41351
41354
41357
41358
41359
41363
41364
41378
41390
41391
41391
41400
41411
41411
41414
41420
41424
41429
41435
41441
41443
41477
41478
41494
41517
41547
41560
41568
41569
41586
41602
41608
41635
41640
41657
41663
41665
41668
41685
41691
41723
41726
41737
41748
41749
41754
41763
41765
41768
41779
41789
41795
41796
41798
41798
41825
41836
41837
41845
41853
41854
41864
41878
41879
41886
41887
41894
41929
41952
41952
41961
41963
41965
41982
41987
41988
42005
42007
42022
42049
42057
42080
42103
42111
42114
42115
42119
42126
42141
42143
42158
42160
42167
42174
42180
42182
42183
42185
42187
42189
42198
42208
42212
42222
42225
42233
42234
42245
42252
42267
42288
42292
42300
42302
42306
42309
42314
42321
42334
42351
42351
42355
42358
42382
42406
42406
42412
42417
42422
42447
42453
42455
42464
42472
42484
42487
42490
42495
42528
42537
42539
42542
42544
42566
42567
42569
42573
42579
42594
42595
42598
42605
42614
42617
42620
42623
42623
42629
42629
42639
42650
42663
42669
42672
42700
42701
42702
42704
42710
42722
42728
42728
42732
42738
42746
42771
42772
42778
42798
42799
42802
42804
42805
42823
42823
42827
42834
42843
42856
42867
42867
42882
42890
42904
42923
42927
42946
42955
42989
42996
42999
43002
43018
43022
43030
43033
43035
43036
43038
43048
43058
43072
43078
43086
43094
43111
43112
43117
43128
43131
43131
43140
43143
43146
43146
43151
43160
43171
43173
43175
43181
43182
43186
43191
43192
43192
43198
43199
43205
43206
43209
43211
43212
43213
43219
43221
43244
43246
43247
43249
43251
43261
43265
43288
43299
43301
43318
43331
43336
43338
43353
43356
43364
43369
43370
43371
43371
43372
43386
43388
43389
43393
43394
43400
43404
43415
43418
43419
43425
43436
43443
43445
43453
43456
43477
43481
43495
43498
43508
43515
43520
43540
43545
43560
43564
43576
43576
43583
43596
43596
43597
43603
43625
43629
43634
43638
43667
43677
43677
43691
43699
43707
43710
43713
43713
43713
43717
43724
43727
43730
43733
43747
43753
43769
43788
43788
43800
43803
43818
43826
43831
43831
43840
43849
43852
43854
43856
43870
43873
43931
43940
43942
43969
43972
43978
43983
44012
44026
44029
44033
44044
44045
44047
44048
44048
44054
44068
44073
44074
44078
44089
44091
44096
44101
44108
44123
44123
44128
44135
44137
44144
44145
44146
44149
44161
44171
44171
44174
44177
44181
44182
44204
44207
44208
44220
44251
44257
44263
44307
44320
44326
44336
44349
44359
44370
44380
44388
44394
44397
44404
44424
44433
44436
44440
44440
44448
44476
44480
44486
44495
44501
44507
44510
44529
44542
44575
44579
44586
44597
44605
44613
44623
44624
44633
44644
44647
44650
44651
44653
44663
44663
44673
44675
44684
44692
44693
44696
44697
44708
44711
44725
44728
44729
44748
44753
44761
44768
44778
44780
44810
44835
44840
44840
44847
44872
44881
44890
44893
44893
44903
44904
44905
44909
44909
44910
44914
44920
44922
44922
44928
44931
44939
44967
44971
44976
44981
44990
44998
44998
45002
45003
45019
45035
45046
45047
45064
45070
45072
45076
45078
45080
45097
45101
45114
45115
45129
45138
45148
45174
45175
45189
45195
45200
45203
45204
45218
45218
45223
45237
45242
45246
45258
45259
45262
45266
45270
45278
45279
45286
45305
45306
45316
45326
45337
45356
45363
45380
45382
45384
45403
45419
45419
45433
45441
45444
45446
45456
45458
45462
45465
45474
45506
45512
45516
45527
45528
45530
45531
45540
45553
45556
45556
45556
45558
45570
45574
45576
45579
45590
45596
45599
45599
45601
45608
45613
45621
45630
45630
45637
45645
45647
45659
45667
45700
45701
45706
45708
45709
45716
45717
45720
45737
45742
45757
45757
45758
45787
45795
45801
45832
45862
45863
45867
45868
45869
45872
45873
45876
45898
45906
45928
45940
45960
45962
45973
45979
46005
46010
46038
46042
46064
46064
46069
46087
46090
46093
46100
46119
46126
46133
46149
46163
46169
46186
46186
46197
46204
46224
46235
46235
46237
46252
46255
46265
46279
46282
46299
46301
46301
46303
46306
46313
46313
46320
46323
46327
46331
46333
46344
46349
46350
46353
46363
46363
46372
46382
46389
46415
46415
46432
46447
46486
46495
46497
46518
46528
46539
46543
46558
46566
46578
46585
46587
46590
46598
46602
46602
46605
46607
46608
46612
46612
46615
46631
46637
46657
46658
46661
46678
46683
46684
46704
46706
46720
46728
46730
46753
46756
46768
46773
46778
46781
46785
46788
46790
46799
46801
46801
46828
46828
46837
46838
46842
46843
46854
46867
46869
46871
46874
46883
46887
46894
46901
46910
46924
46926
46932
46937
46943
46948
46967
46974
46982
46986
46986
46993
47003
47012
47016
47029
47034
47054
47065
47069
47072
47088
47101
47115
47122
47125
47125
47129
47130
47132
47133
47134
47145
47156
47164
47171
47176
47177
47187
47195
47201
47204
47229
47238
47238
47249
47254
47260
47265
47266
47267
47269
47274
47275
47283
47283
47291
47299
47304
47306
47310
47313
47314
47326
47328
47334
47337
47347
47359
47364
47369
47373
47377
47389
47390
47410
47412
47418
47419
47431
47434
47439
47448
47449
47456
47473
47479
47482
47492
47497
47509
47511
47516
47516
47516
47520
47528
47530
47531
47531
47532
47534
47538
47550
47555
47565
47576
47578
47580
47582
47590
47598
47614
47615
47624
47635
47649
47649
47652
47659
47674
47684
47696
47704
47708
47712
47716
47718
47740
47741
47746
47749
47749
47764
47766
47769
47771
47788
47795
47795
47797
47838
47847
47849
47850
47862
47869
47874
47876
47891
47901
47903
47905
47910
47917
47918
47918
47920
47922
47932
47934
47940
47951
47969
47985
47994
47998
48013
48015
48021
48032
48041
48062
48063
48065
48066
48080
48089
48090
48096
48107
48119
48126
48144
48163
48164
48177
48182
48183
48185
48189
48198
48204
48213
48216
48227
48227
48233
48249
48250
48255
48255
48267
48273
48276
48279
48286
48289
48290
48316
48330
48351
48371
48403
48414
48426
48430
48432
48436
48439
48443
48458
48478
48493
48500
48501
48501
48509
48512
48528
48531
48532
48571
48576
48578
48582
48591
48599
48636
48646
48658
48664
48680
48681
48701
48711
48717
48732
48734
48747
48749
48751
48751
48772
48778
48780
48788
48800
48811
48814
48819
48820
48820
48829
48835
48839
48842
48857
48870
48876
48884
48892
48911
48926
48937
48954
48961
48965
48966
48972
48973
48976
48988
48988
48995
49001
49003
49006
49006
49006
49007
49012
49026
49027
49030
49035
49052
49053
49060
49066
49067
49072
49100
49100
49112
49118
49125
49137
49140
49154
49155
49156
49160
49165
49165
49165
49170
49182
49190
49190
49193
49221
49227
49245
49248
49249
49270
49271
49272
49275
49275
49279
49286
49296
49300
49314
49330
49332
49334
49354
49355
49357
49364
49397
49405
49405
49414
49415
49438
49448
49457
49483
49487
49493
49496
49513
49532
49548
49595
49597
49598
49600
49608
49612
49613
49620
49645
49647
49652
49657
49660
49669
49682
49683
49689
49690
49703
49707
49708
49711
49717
49732
49734
49753
49758
49768
49799
49802
49803
49803
49807
49807
49807
49809
49818
49819
49827
49829
49835
49837
49841
49843
49858
49880
49888
49891
49906
49917
49918
49929
49934
49938
49969
49987
49988
49993
50004
50024
50039
50040
50046
50052
50064
50064
50077
50078
50079
50080
50084
50086
50089
50091
50110
50111
50133
50133
50140
50145
50156
50157
50202
50210
50230
50232
50257
50288
50302
50314
50321
50323
50326
50330
50332
50345
50353
50354
50373
50383
50383
50389
50398
50430
50442
50445
50446
50455
50455
50458
50460
50462
50474
50480
50485
50489
50498
50504
50504
50512
50514
50525
50544
50545
50572
50575
50576
50584
50605
50606
50610
50623
50647
50669
50679
50681
50695
50699
50709
50714
50714
50722
50723
50731
50744
50756
50760
50782
50791
50798
50803
50811
50815
50827
50829
50840
50842
50851
50860
50863
50869
50882
50884
50884
50888
50893
50896
50903
50906
50912
50915
50922
50929
50931
50938
50949
50951
50964
50966
50991
50999
51000
51010
51030
51031
51034
51045
51045
51048
51056
51067
51069
51070
51084
51085
51117
51119
51125
51132
51132
51133
51135
51148
51170
51179
51195
51209
51256
51263
51266
51273
51281
51282
51292
51297
51299
51308
51309
51315
51326
51334
51352
51367
51375
51394
51412
51431
51437
51444
51458
51461
51485
51508
51515
51515
51518
51522
51523
51530
51532
51551
51552
51553
51569
51575
51594
51604
51604
51612
51620
51624
51630
51639
51670
51682
51684
51685
51687
51690
51697
51723
51728
51747
51760
51762
51767
51773
51776
51797
51800
51800
51812
51819
51841
51842
51842
51845
51846
51849
51853
51868
51899
51928
51935
51960
51967
51997
52010
52017
52028
52033
52052
52063
52082
52086
52090
52093
52095
52103
52106
52107
52119
52128
52146
52149
52155
52162
52167
52181
52202
52216
52218
52219
52228
52234
52234
52236
52250
52251
52254
52278
52282
52293
52311
52317
52323
52324
52326
52332
52338
52344
52351
52357
52360
52373
52390
52396
52411
52412
52414
52427
52429
52449
52453
52477
52485
52502
52504
52504
52505
52507
52517
52521
52524
52537
52549
52550
52550
52557
52559
52579
52582
52593
52594
52602
52613
52614
52620
52628
52637
52648
52671
52679
52685
52697
52701
52723
52740
52752
52769
52791
52798
52818
52823
52851
52864
52866
52875
52877
52877
52882
52886
52895
52902
52907
52914
52928
52936
52954
52955
52966
52966
52975
52976
52977
52988
52992
52992
52997
53000
53010
53013
53017
53022
53024
53027
53038
53048
53051
53057
53101
53107
53109
53116
53118
53122
53129
53129
53133
53137
53151
53161
53165
53169
53192
53197
53206
53213
53219
53229
53230
53240
53251
53252
53253
53258
53267
53283
53294
53303
53304
53305
53315
53316
53336
53379
53389
53404
53416
53423
53459
53464
53475
53488
53498
53501
53526
53532
53535
53544
53550
53557
53561
53564
53575
53578
53584
53587
53596
53612
53621
53625
53633
53637
53655
53668
53669
53675
53684
53710
53712
53714
53728
53766
53773
53778
53781
53784
53807
53814
53820
53825
53828
53829
53841
53854
53859
53869
53873
53887
53889
53908
53913
53949
53986
53993
53998
54003
54011
54012
54013
54033
54038
54040
54072
54079
54085
54086
54087
54087
54101
54108
54110
54115
54121
54125
54145
54147
54150
54151
54155
54159
54160
54162
54171
54174
54175
54185
54187
54203
54221
54224
54232
54246
54259
54274
54293
54295
54305
54306
54312
54320
54336
54339
54350
54356
54363
54393
54402
54411
54427
54435
54438
54440
54453
54456
54462
54464
54475
54480
54483
54496
54514
54547
54555
54567
54572
54575
54601
54603
54608
54627
54639
54640
54664
54664
54677
54679
54682
54682
54692
54692
54693
54693
54694
54701
54701
54721
54728
54731
54750
54753
54782
54792
54807
54813
54822
54826
54834
54839
54840
54841
54842
54864
54864
54876
54877
54886
54888
54891
54897
54902
54917
54932
54936
54941
54959
54963
54963
54975
54978
54984
54985
55001
55015
55037
55037
55039
55045
55046
55060
55076
55080
55091
55097
55101
55133
55139
55150
55158
55162
55166
55176
55191
55205
55206
55207
55209
55214
55217
55224
55249
55256
55276
55283
55303
55303
55307
55309
55310
55311
55320
55330
55334
55334
55342
55358
55366
55372
55404
55407
55428
55428
55431
55432
55448
55472
55482
55504
55508
55508
55519
55522
55523
55526
55531
55555
55557
55560
55564
55564
55576
55580
55583
55583
55587
55596
55597
55599
55609
55619
55629
55636
55643
55649
55658
55660
55668
55672
55672
55674
55680
55696
55700
55724
55730
55737
55743
55755
55762
55763
55763
55790
55797
55798
55799
55805
55813
55819
55824
55841
55842
55846
55856
55866
55868
55872
55888
55904
55904
55921
55921
55934
55934
55938
55949
55951
55952
55958
55959
55964
55967
55975
55990
55992
56002
56014
56015
56017
56030
56040
56051
56053
56060
56062
56064
56068
56077
56079
56081
56081
56088
56091
56100
56156
56178
56179
56183
56193
56199
56202
56212
56214
56247
56277
56282
56286
56296
56316
56316
56326
56340
56342
56345
56354
56358
56360
56361
56382
56390
56399
56401
56409
56413
56421
56427
56428
56429
56432
56442
56451
56457
56475
56478
56490
56502
56516
56524
56564
56564
56575
56579
56583
56584
56594
56598
56599
56600
56622
56632
56636
56648
56652
56653
56662
56665
56683
56688
56698
56701
56712
56719
56729
56766
56773
56783
56785
56786
56798
56808
56813
56814
56821
56838
56852
56855
56856
56861
56864
56892
56898
56919
56926
56926
56927
56934
56944
56960
56968
56968
56975
56978
56979
56990
57003
57027
57030
57032
57040
57051
57060
57068
57069
57070
57075
57077
57077
57093
57099
57104
57106
57118
57120
57130
57155
57158
57162
57166
57172
57199
57227
57230
57230
57231
57246
57262
57277
57279
57289
57290
57305
57309
57309
57318
57356
57356
57362
57366
57371
57400
57415
57420
57423
57430
57433
57437
57447
57456
57463
57474
57484
57491
57510
57511
57521
57522
57523
57537
57538
57538
57548
57550
57554
57562
57563
57565
57566
57567
57575
57582
57590
57598
57611
57614
57616
57618
57622
57625
57638
57650
57654
57674
57682
57684
57689
57702
57705
57709
57717
57718
57731
57747
57750
57751
57763
57775
57778
57788
57812
57820
57822
57827
57842
57848
57854
57858
57860
57863
57868
57872
57882
57890
57894
57943
57952
57957
57958
57963
57971
57976
57978
57986
57997
58012
58014
58014
58024
58026
58030
58035
58040
58043
58043
58046
58059
58075
58076
58078
58079
58079
58080
58084
58088
58125
58141
58156
58158
58166
58179
58186
58186
58197
58213
58218
58221
58237
58238
58240
58253
58263
58270
58310
58320
58325
58339
58348
58365
58366
58369
58371
58374
58385
58394
58400
58435
58436
58440
58443
58448
58459
58472
58481
58489
58491
58492
58498
58500
58513
58514
58518
58524
58529
58538
58557
58562
58566
58585
58598
58611
58651
58652
58652
58662
58662
58673
58680
58697
58701
58707
58719
58719
58738
58741
58743
58745
58745
58746
58754
58755
58756
58764
58768
58772
58774
58779
58779
58795
58835
58843
58864
58869
58871
58872
58876
58881
58882
58902
58903
58925
58925
58934
58937
58944
58944
58948
58956
58957
58965
58980
58991
58992
59005
59007
59011
59024
59034
59038
59043
59057
59061
59068
59077
59081
59087
59094
59096
59098
59099
59101
59127
59129
59134
59155
59181
59208
59225
59241
59250
59275
59279
59281
59288
59294
59303
59316
59323
59324
59327
59336
59336
59341
59372
59374
59376
59383
59388
59400
59407
59419
59433
59437
59448
59453
59460
59487
59492
59493
59513
59517
59520
59537
59539
59540
59558
59566
59567
59571
59589
59590
59594
59629
59641
59642
59650
59655
59656
59661
59662
59665
59665
59670
59673
59681
59685
59698
59702
59706
59741
59741
59751
59756
59757
59758
59768
59795
59801
59805
59807
59811
59823
59832
59835
59836
59856
59865
59880
59882
59905
59914
59917
59917
59919
59919
59929
59934
59935
59936
59955
59959
59960
59961
59979
59987
59992
59995
59998
60010
60011
60013
60024
60038
60048
60052
60057
60058
60066
60071
60078
60085
60101
60105
60112
60114
60120
60123
60137
60139
60140
60149
60150
60168
60170
60174
60174
60178
60178
60181
60186
60186
60187
60190
60195
60196
60214
60222
60239
60242
60244
60252
60256
60258
60266
60270
60298
60316
60319
60321
60330
60342
60347
60353
60363
60384
60387
60388
60396
60400
60408
60411
60420
60428
60429
60436
60437
60442
60457
60465
60470
60473
60483
60526
60533
60540
60547
60553
60593
60600
60605
60610
60612
60619
60646
60654
60662
60666
60669
60672
60714
60719
60740
60743
60748
60798
60799
60804
60810
60814
60820
60829
60830
60831
60836
60842
60863
60867
60869
60876
60883
60887
60899
60904
60905
60905
60919
60929
60937
60950
60957
60965
60970
60971
60972
60977
60982
60990
61001
61001
61007
61031
61033
61033
61044
61049
61052
61053
61072
61078
61086
61101
61107
61107
61114
61118
61124
61125
61134
61134
61136
61141
61144
61157
61158
61169
61174
61181
61190
61191
61209
61213
61216
61216
61217
61240
61261
61266
61267
61271
61274
61286
61287
61290
61300
61303
61313
61329
61339
61369
61370
61375
61413
61425
61428
61428
61430
61443
61456
61463
61467
61472
61472
61500
61507
61508
61546
61553
61553
61572
61580
61583
61590
61604
61605
61611
61654
61662
61669
61680
61690
61693
61711
61717
61733
61739
61747
61764
61768
61771
61773
61803
61808
61816
61829
61834
61834
61838
61850
61852
61854
61914
61916
61923
61929
61945
61947
61949
61955
61960
61970
61974
61983
61983
61992
62004
62005
62020
62027
62027
62065
62065
62066
62076
62079
62109
62111
62112
62117
62121
62122
62133
62146
62148
62149
62150
62152
62168
62174
62177
62188
62207
62264
62281
62287
62292
62301
62304
62317
62324
62331
62334
62361
62363
62365
62367
62374
62378
62380
62387
62390
62402
62419
62466
62471
62473
62492
62500
62504
62505
62526
62533
62537
62545
62548
62553
62579
62582
62596
62601
62605
62613
62627
62637
62658
62689
62699
62700
62702
62708
62718
62718
62721
62738
62744
62762
62780
62784
62789
62797
62801
62812
62821
62823
62842
62849
62850
62857
62877
62879
62882
62900
62902
62915
62919
62920
62935
62936
62952
62954
62955
62956
62963
62967
62967
62974
62980
62992
62992
63023
63026
63036
63039
63039
63044
63068
63068
63086
63093
63114
63123
63126
63128
63148
63153
63161
63167
63171
63175
63181
63181
63187
63198
63199
63200
63204
63211
63220
63228
63232
63234
63234
63240
63249
63250
63255
63255
63284
63301
63301
63308
63317
63322
63324
63324
63327
63331
63337
63364
63366
63366
63371
63374
63378
63415
63427
63429
63451
63452
63453
63453
63459
63471
63475
63476
63481
63487
63493
63504
63517
63523
63533
63533
63540
63541
63544
63549
63555
63563
63569
63579
63583
63585
63589
63595
63620
63627
63640
63659
63681
63694
63694
63698
63717
63736
63736
63746
63764
63766
63768
63772
63772
63781
63790
63793
63798
63801
63803
63808
63809
63810
63818
63826
63842
63849
63850
63859
63867
63880
63907
63910
63916
63932
63943
63949
63972
63977
63980
63986
63991
63997
64002
64003
64010
64010
64024
64032
64032
64039
64042
64044
64048
64055
64062
64077
64086
64096
64096
64103
64110
64129
64145
64154
64159
64160
64167
64171
64180
64181
64182
64183
64197
64197
64200
64202
64217
64222
64238
64242
64245
64247
64248
64266
64277
64285
64300
64325
64326
64332
64333
64346
64366
64367
64385
64389
64399
64421
64430
64431
64440
64464
64474
64478
64482
64483
64491
64494
64504
64505
64515
64518
64523
64524
64545
64558
64561
64569
64580
64580
64592
64597
64620
64635
64654
64658
64681
64702
64704
64752
64759
64769
64779
64782
64784
64797
64820
64845
64850
64855
64856
64862
64863
64866
64871
64879
64879
64889
64890
64891
64896
64898
64899
64901
64909
64915
64917
64937
64939
64949
64975
64976
64992
65019
65023
65024
65035
65038
65043
65065
65071
65076
65088
65089
65091
65091
65102
65127
65131
65133
65168
65172
65177
65182
65194
65204
65208
65210
65212
65212
65214
65216
65220
65236
65267
65270
65273
65284
65285
65285
65292
65299
65301
65303
65310
65314
65339
65339
65346
65371
65378
65383
65390
65395
65396
65401
65411
65427
65437
65458
65473
65473
65478
65478
65487
65487
65493
65502
65503
65515
65522
65529
65533
