75
102
127
150
181
188
281
298
344
360
422
429
540
585
592
630
653
674
699
721
723
737
750
763
784
868
876
877
898
946
975
985
1004
1020
1028
1079
1090
1131
1139
1154
1164
1177
1224
1311
1319
1335
1341
1390
1391
1424
1460
1469
1503
1560
1573
1582
1723
1780
1782
1799
1808
1852
1873
1884
1934
1959
1987
2049
2109
2115
2133
2174
2198
2216
2242
2311
2320
2323
2344
2350
2351
2498
2498
2520
2525
2560
2561
2566
2631
2651
2687
2735
2766
2796
2865
2875
2878
2893
2939
2958
2988
2995
3007
3038
3091
3092
3116
3122
3165
3200
3256
3258
3289
3294
3327
3370
3410
3439
3504
3537
3620
3660
3728
3751
3788
3799
3818
3864
3900
3901
3905
3939
3941
3982
3999
4102
4111
4148
4189
4204
4218
4260
4272
4276
4311
4377
4443
4470
4474
4511
4600
4667
4668
4670
4683
4769
4775
4810
4815
4838
4880
4928
4987
4988
5053
5115
5122
5169
5253
5263
5374
5412
5503
5628
5656
5674
5719
5745
5884
5921
5989
5994
5996
6000
6012
6129
6138
6196
6219
6250
6302
6309
6317
6340
6372
6397
6437
6447
6462
6471
6538
6546
6587
6658
6754
6764
6768
6793
6800
6822
6900
6914
6927
6933
6950
7001
7118
7132
7137
7147
7156
7160
7169
7188
7227
7368
7376
7413
7446
7461
7499
7533
7543
7564
7622
7655
7661
7717
7766
7768
7788
7804
7867
7882
7898
7914
7915
7916
7933
8001
8145
8181
8211
8309
8331
8404
8463
8520
8564
8581
8621
8650
8677
8701
8702
8703
8706
8813
8853
8896
9025
9042
9065
9112
9186
9188
9201
9226
9316
9347
9375
9411
9460
9481
9558
9587
9631
9672
9702
9741
9764
9769
9829
9841
9855
9885
9900
9991
9995
10020
10070
10077
10084
10161
10163
10193
10285
10293
10310
10311
10321
10360
10371
10420
10443
10481
10519
10528
10538
10567
10582
10600
10695
10742
10801
10818
10836
10891
10918
11060
11239
11244
11317
11375
11383
11415
11418
11514
11569
11676
11709
11730
11745
11827
11863
11887
11887
11887
11896
11919
11949
11950
11952
11975
11994
12083
12166
12172
12186
12228
12230
12247
12267
12282
12298
12386
12516
12520
12526
12593
12608
12608
12703
12743
12803
12840
12840
12874
12928
12928
12934
13025
13051
13071
13105
13121
13137
13139
13142
13147
13175
13233
13240
13244
13271
13301
13342
13422
13460
13538
13594
13614
13616
13641
13662
13690
13697
13706
13748
13844
13848
13867
13875
13894
13971
14011
14038
14043
14046
14074
14138
14186
14190
14197
14199
14209
14223
14282
14353
14377
14451
14460
14489
14561
14568
14639
14670
14680
14697
14698
14777
14779
14825
14873
14895
14901
14959
14995
15026
15053
15070
15108
15171
15211
15216
15349
15408
15449
15473
15477
15542
15546
15555
15560
15572
15636
15684
15721
15728
15746
15747
15775
15781
15786
15825
15832
15832
15852
15869
15877
15880
15887
15973
15994
16006
16012
16013
16029
16079
16090
16124
16163
16184
16197
16227
16290
16293
16322
16389
16398
16415
16440
16493
16549
16550
16642
16657
16665
16755
16790
16795
16816
16836
16847
16869
16877
16894
16914
16919
16943
16949
16969
16978
16994
17011
17014
17033
17160
17210
17265
17265
17270
17277
17297
17305
17314
17352
17380
17387
17410
17494
17515
17573
17585
17615
17642
17649
17703
17712
17780
17799
17817
17819
17837
17858
17901
17913
17913
17938
17939
17968
17981
18065
18067
18077
18082
18089
18123
18147
18147
18147
18153
18162
18208
18222
18224
18237
18250
18275
18287
18288
18289
18298
18299
18299
18306
18312
18383
18463
18551
18560
18660
18663
18713
18716
18737
18743
18753
18765
18838
18842
18849
18871
18878
18919
18926
18932
19021
19121
19138
19176
19179
19180
19246
19252
19256
19338
19346
19350
19352
19411
19430
19442
19510
19558
19637
19713
19721
19871
19880
19895
19923
19949
20074
20084
20153
20180
20224
20247
20273
20289
20333
20342
20343
20345
20395
20421
20508
20535
20609
20672
20710
20714
20724
20792
20851
20864
20883
20906
20918
20932
20984
21038
21041
21076
21095
21133
21143
21283
21369
21435
21451
21508
21528
21536
21577
21611
21712
21735
21740
21752
21806
21889
21941
21997
22001
22037
22043
22140
22193
22199
22205
22275
22285
22308
22314
22366
22383
22401
22429
22530
22599
22627
22685
22695
22770
22773
22795
22798
22897
22899
22913
22915
22932
22983
22991
23017
23027
23031
23065
23072
23074
23118
23133
23145
23193
23225
23271
23281
23342
23346
23368
23375
23410
23413
23528
23553
23580
23596
23626
23628
23653
23669
23671
23695
23696
23774
23786
23797
23831
23836
23841
23850
23851
23898
23904
23926
23985
23991
23996
24004
24020
24033
24035
24092
24093
24204
24205
24241
24263
24276
24305
24321
24359
24366
24376
24421
24473
24489
24527
24539
24562
24570
24580
24592
24681
24696
24699
24714
24804
24850
24858
24898
24920
24954
24957
24973
24999
25019
25036
25116
25190
25289
25323
25336
25459
25627
25628
25633
25652
25658
25667
25693
25717
25717
25760
25763
25861
25867
25868
25882
25902
26058
26069
26098
26109
26130
26163
26207
26210
26262
26281
26372
26377
26437
26462
26462
26464
26481
26514
26515
26573
26668
26700
26724
26743
26745
26775
26796
26883
26952
26963
27014
27047
27066
27111
27139
27167
27276
27308
27339
27377
27401
27404
27455
27455
27576
27595
27624
27658
27666
27682
27720
27729
27752
27754
27788
27791
27803
27810
27820
27833
27843
27922
27960
27982
28043
28077
28095
28128
28134
28190
28197
28206
28227
28229
28281
28287
28318
28340
28341
28362
28391
28431
28441
28489
28574
28616
28640
28652
28716
28726
28736
28763
28804
28834
28871
28873
28887
28888
28910
28932
28935
29088
29105
29127
29181
29194
29219
29239
29425
29430
29451
29470
29542
29567
29660
29687
29703
29738
29774
29928
29967
29976
30003
30037
30072
30073
30100
30105
30121
30143
30163
30172
30182
30207
30226
30390
30397
30421
30468
30506
30518
30553
30584
30598
30605
30679
30681
30691
30723
30726
30743
30767
30852
30857
30912
30927
30940
30974
30976
31004
31019
31072
31078
31142
31162
31207
31331
31341
31357
31375
31531
31584
31607
31677
31717
31817
31818
31834
31922
31947
32067
32096
32109
32136
32155
32165
32191
32219
32292
32297
32307
32322
32328
32346
32359
32424
32435
32472
32523
32528
32570
32679
32735
32752
32838
32877
32936
33062
33088
33227
33268
33279
33330
33339
33372
33411
33468
33557
33579
33630
33681
33771
33781
33785
33817
33867
33869
33870
33900
33927
34026
34071
34157
34175
34177
34183
34187
34246
34318
34321
34329
34345
34363
34376
34404
34421
34545
34562
34581
34591
34601
34608
34680
34777
34789
34839
34853
34907
34915
34947
34964
34974
34995
35026
35127
35132
35133
35156
35158
35165
35184
35194
35221
35242
35299
35332
35347
35351
35381
35404
35431
35447
35462
35514
35524
35537
35574
35586
35618
35631
35651
35740
35759
35797
35818
35879
35935
35940
35945
36000
36009
36011
36016
36021
36043
36047
36105
36106
36118
36133
36136
36138
36147
36239
36264
36300
36380
36412
36416
36418
36474
36517
36695
36771
36815
36818
36866
36904
36927
36935
36965
36985
37045
37083
37088
37123
37147
37159
37163
37173
37364
37439
37484
37496
37514
37538
37543
37593
37653
37686
37692
37698
37719
37751
37815
37866
37878
37893
37931
37986
38008
38032
38056
38058
38104
38152
38185
38187
38246
38247
38254
38280
38302
38320
38326
38363
38412
38416
38457
38481
38500
38510
38536
38537
38542
38570
38574
38602
38614
38628
38675
38728
38847
38941
38960
39013
39056
39073
39088
39098
39102
39162
39181
39186
39231
39246
39277
39288
39324
39359
39376
39399
39416
39417
39446
39578
39596
39647
39656
39699
39700
39719
39754
39801
39809
39831
39845
39857
39869
39936
39981
40019
40020
40024
40049
40157
40160
40292
40451
40521
40587
40597
40615
40635
40649
40653
40693
40727
40811
40847
40861
40895
40907
40932
40956
41007
41057
41061
41105
41150
41179
41220
41242
41290
41354
41364
41391
41411
41424
41478
41569
41726
41737
41765
41798
41837
41845
41854
41886
41952
42005
42022
42111
42158
42160
42167
42187
42222
42245
42288
42309
42321
42351
42412
42417
42528
42539
42542
42567
42629
42672
42701
42805
42843
42882
42946
42996
43033
43036
43094
43128
43131
43146
43160
43171
43173
43198
43199
43206
43211
43212
43219
43247
43318
43336
43338
43371
43393
43400
43404
43418
43419
43498
43508
43515
43520
43576
43583
43596
43667
43707
43710
43713
43724
43769
43803
43849
43854
43969
43983
44026
44033
44044
44047
44048
44054
44068
44078
44108
44135
44144
44171
44177
44181
44251
44263
44370
44388
44436
44579
44725
44728
44753
44778
44840
44872
44890
44990
44998
45070
45080
45097
45174
45203
45204
45237
45266
45316
45419
45444
45462
45558
45596
45637
45647
45659
45742
45872
45940
45973
46010
46042
46064
46090
46093
46100
46119
46133
46169
46197
46235
46299
46313
46333
46363
46415
46447
46495
46590
46598
46602
46612
46615
46658
46678
46706
46728
46753
46768
46773
46778
46799
46838
46842
46843
46867
46887
46910
46932
46937
47012
47065
47101
47115
47129
47132
47133
47145
47177
47187
47238
47249
47267
47269
47314
47337
47359
47369
47412
47418
47456
47482
47509
47511
47534
47615
47624
47649
47674
47696
47708
47749
47766
47850
47876
47901
47905
47918
48013
48041
48119
48126
48177
48185
48227
48273
48276
48330
48351
48403
48414
48439
48478
48493
48500
48501
48509
48528
48532
48571
48582
48591
48636
48664
48680
48772
48800
48814
48819
48839
48857
48965
48972
48973
48988
48988
48995
49001
49003
49026
49027
49030
49053
49066
49067
49156
49190
49245
49272
49330
49448
49487
49496
49598
49613
49620
49647
49703
49803
49906
49934
49988
50046
50156
50257
50353
50389
50442
50445
50460
50462
50474
50504
50576
50605
50669
50714
50722
50723
50756
50760
50782
50811
50884
50915
50966
51000
51045
51067
51125
51132
51148
51195
51282
51292
51297
51326
51334
51367
51375
51412
51444
51515
51523
51551
51575
51604
51639
51670
51684
51685
51747
51841
52010
52028
52052
52086
52103
52119
52149
52162
52218
52228
52251
52278
52311
52326
52332
52344
52351
52412
52427
52449
52502
52504
52504
52524
52537
52549
52550
52579
52594
52613
52628
52671
52679
52685
52723
52798
52851
52936
52954
52992
53010
53013
53022
53107
53109
53116
53118
53122
53133
53197
53230
53251
53252
53267
53283
53294
53304
53316
53379
53459
53464
53550
53564
53584
53633
53668
53675
53712
53714
53766
53784
53869
53873
54011
54040
54079
54085
54086
54087
54101
54108
54110
54115
54159
54185
54203
54295
54306
54312
54350
54435
54483
54514
54555
54603
54664
54682
54682
54692
54693
54701
54750
54839
54840
54841
54864
54886
54963
54963
55001
55015
55150
55191
55209
55214
55224
55309
55448
55557
55560
55580
55597
55636
55658
55674
55680
55696
55724
55730
55755
55790
55805
55824
55856
55904
55921
55952
55992
56002
56077
56079
56081
56088
56202
56296
56316
56340
56345
56358
56382
56399
56432
56490
56502
56516
56575
56583
56594
56598
56599
56600
56632
56648
56653
56688
56698
56783
56852
56855
56944
56960
56979
57032
57051
57060
57130
57158
57166
57231
57262
57277
57309
57356
57415
57423
57433
57491
57522
57538
57565
57598
57611
57638
57650
57705
57709
57750
57751
57827
57848
57854
57868
57894
57957
58014
58024
58026
58035
58076
58079
58080
58084
58156
58186
58221
58253
58339
58436
58440
58472
58489
58492
58498
58529
58538
58566
58652
58662
58680
58745
58764
58768
58774
58779
58843
58864
58872
58903
58956
58957
58980
59034
59061
59068
59077
59099
59155
59181
59241
59281
59288
59294
59324
59383
59419
59433
59437
59492
59537
59571
59642
59661
59681
59698
59741
59811
59856
59865
59914
59929
59959
59960
59992
60011
60024
60038
60057
60114
60149
60178
60186
60244
60298
60316
60342
60353
60411
60457
60526
60600
60612
60646
60714
60740
60743
60799
60810
60830
60842
60876
60883
60899
60905
60905
60971
60972
61001
61031
61033
61033
61107
61157
61158
61216
61261
61369
61375
61456
61467
61553
61553
61580
61604
61605
61669
61680
61808
61816
61850
61852
61916
61929
61960
61974
62065
62109
62121
62168
62177
62188
62207
62317
62367
62390
62471
62492
62505
62545
62605
62658
62718
62744
62812
62849
62857
62877
62879
62915
62920
62935
62954
62967
63044
63068
63175
63204
63228
63255
63308
63324
63429
63451
63453
63475
63476
63504
63544
63585
63620
63681
63694
63736
63768
63772
63781
63790
63798
63803
63850
63867
63907
63916
63972
63991
64039
64044
64055
64086
64096
64096
64129
64160
64180
64238
64242
64332
64464
64491
64505
64523
64620
64704
64784
64845
64855
64915
64939
64992
65091
65182
65194
65212
65267
65270
65273
65292
65299
65301
65310
65395
65478
65487
65515
