2735
2796
3038
3751
3900
4204
4260
4838
4880
7499
8145
8702
9201
9481
9995
10193
12803
12840
13071
13616
15053
15108
16013
16079
17981
20342
20395
20864
20918
21528
21577
22199
22897
22932
23074
23580
24092
24305
24592
25868
27404
27624
27960
28043
28441
28871
29430
30506
30912
31677
33227
33268
33279
33411
33817
33869
34839
34964
35156
35184
35935
36021
36474
37698
37893
38032
38246
38247
39596
39869
40292
42160
42528
43515
43520
43710
43724
44033
44054
44144
44872
45237
45316
45872
46753
46843
48414
48664
49001
49330
49803
49988
50389
50442
50605
51375
52326
52671
53109
53873
54085
54101
54682
55755
56358
57130
58339
58498
58538
58774
58843
58872
58903
59155
59288
59856
60740
62109
62177
62207
62718
62744
63044
63798
63907
64055
64523
64620
