422
585
763
876
877
975
1154
1391
1560
1723
1987
2115
2133
2320
2498
2525
2566
2651
2687
2735
2796
2988
2995
3038
3200
3258
3537
3728
3751
3799
3900
3901
4111
4189
4204
4260
4272
4511
4810
4838
4880
4928
5115
5169
5253
5263
5412
5628
6129
6587
6658
6754
7156
7188
7376
7499
7622
7661
8145
8181
8211
8331
8463
8564
8701
8702
8703
9186
9201
9481
9769
9829
9841
9995
10020
10161
10193
10293
10567
10582
10801
11244
11375
11415
11676
11827
11919
11950
12186
12526
12803
12840
12874
13071
13137
13342
13460
13616
13748
13971
14138
14223
14460
14995
15053
15108
15216
15408
15636
15684
15832
15877
16013
16079
16124
16227
16657
16847
16869
16943
17014
17210
17277
17305
17642
17649
17913
17981
18067
18123
18147
18222
18660
19180
19246
19252
19352
19510
19880
20247
20289
20342
20345
20395
20508
20535
20864
20918
21076
21095
21133
21451
21508
21528
21577
21735
21997
22199
22205
22275
22773
22798
22897
22899
22932
23031
23072
23074
23145
23375
23580
23626
23797
23831
23851
23991
24092
24305
24376
24473
24527
24570
24592
24696
24850
25019
25336
25459
25658
25868
26210
26262
26372
26377
26700
26745
26952
27111
27377
27404
27595
27624
27658
27682
27752
27820
27833
27960
28043
28128
28134
28206
28227
28441
28652
28716
28871
29088
29181
29430
29774
29928
30100
30163
30182
30468
30506
30691
30723
30726
30767
30852
30912
31019
31072
31078
31677
31717
32067
32307
32528
32570
32679
32936
33227
33268
33279
33339
33411
33681
33781
33785
33817
33869
33927
34026
34071
34177
34318
34329
34601
34777
34839
34907
34915
34964
34974
35127
35132
35156
35158
35184
35299
35351
35447
35514
35618
35631
35740
35879
35935
35945
36016
36021
36043
36105
36133
36474
36771
36935
37083
37123
37543
37698
37893
38032
38246
38247
38412
38510
38570
38574
38628
38847
38960
39162
39288
39596
39869
39936
40292
40521
40597
40727
41179
41364
41424
41737
41854
41886
41952
42005
42160
42528
42996
43036
43128
43146
43160
43173
43219
43336
43404
43515
43520
43576
43707
43710
43724
43803
43854
44033
44054
44108
44135
44144
44872
44990
45080
45237
45266
45316
45637
45872
45940
46093
46447
46612
46753
46778
46843
46887
47012
47115
47132
47187
47238
47412
47511
47615
47766
47905
48013
48177
48185
48351
48414
48509
48532
48636
48664
48814
48857
48973
49001
49053
49190
49272
49330
49620
49803
49906
49988
50046
50156
50389
50442
50445
50462
50605
50723
50811
51067
51148
51334
51375
51523
51747
51841
52228
52326
52332
52504
52550
52613
52671
52954
53109
53283
53304
53584
53714
53784
53873
54085
54101
54185
54682
54692
54693
54963
54963
55191
55214
55696
55755
55790
55921
56296
56340
56345
56358
56382
56594
56648
56852
56979
57130
57611
57705
57827
58079
58253
58339
58440
58498
58538
58774
58779
58843
58872
58903
58957
59061
59155
59288
59324
59537
59642
59741
59811
59856
59992
60024
60186
60526
60740
60743
61158
61375
61553
61553
61604
61808
61850
61916
62065
62109
62177
62207
62390
62471
62505
62545
62605
62718
62744
63044
63228
63453
63681
63781
63798
63907
63991
64055
64332
64523
64620
64855
65310
65487
